1.411782840066561961e+00 9.611416820511424763e-01 5.003782017960812789e-01 2.713918475585848644e-01 5.860815492448355757e-01 6.012370722747750751e-01
9.611416820511424763e-01 1.204395426909977251e+00 8.634496551139835274e-01 5.719030048964972579e-01 9.685732532623533286e-01 1.011863613292743214e+00
5.003782017960812789e-01 8.634496551139835274e-01 8.709351251953899586e-01 3.994798256798151037e-01 7.267526104386057284e-01 9.055549923237594667e-01
2.713918475585848644e-01 5.719030048964972579e-01 3.994798256798151037e-01 3.183013478224783643e+00 1.941479951471934529e+00 9.043905571602739446e-01
5.860815492448355757e-01 9.685732532623533286e-01 7.267526104386057284e-01 1.941479951471934529e+00 2.231434321716815994e+00 1.453488196051666126e+00
6.012370722747750751e-01 1.011863613292743214e+00 9.055549923237594667e-01 9.043905571602739446e-01 1.453488196051666126e+00 1.416481901759794271e+00
