3.647324227953689380e-01 4.067063420188239964e-01 2.711916943516422540e-01 5.965890467370429384e-01 6.605388148403282811e-01 4.631580758429056921e-01
4.067063420188239964e-01 5.288432376669310875e-01 3.716791917909280651e-01 9.273993973849219419e-01 9.798633608481331914e-01 6.656394675916025294e-01
2.711916943516422540e-01 3.716791917909280651e-01 2.676163555044390741e-01 6.743319099041569231e-01 7.149157404515276149e-01 4.860762100741677916e-01
5.965890467370429384e-01 9.273993973849219419e-01 6.743319099041569231e-01 2.503446586300251742e+00 2.161723234996917764e+00 1.313557240507196022e+00
6.605388148403282811e-01 9.798633608481331914e-01 7.149157404515276149e-01 2.161723234996917764e+00 2.113042237910540688e+00 1.357503317954128708e+00
4.631580758429056921e-01 6.656394675916025294e-01 4.860762100741677916e-01 1.313557240507196022e+00 1.357503317954128708e+00 9.039541960270618404e-01
