1.000000000000000444e+00 7.063772200372077092e-01 3.736639626621517940e-01 1.010825608470514170e-01 3.109239973263641099e-01 3.969147354083317203e-01
7.063772200372077092e-01 1.000000000000000000e+00 7.889632276872353689e-01 2.077017991609328984e-01 5.034892406882705007e-01 7.291199841325806119e-01
3.736639626621517940e-01 7.889632276872353689e-01 1.000000000000000000e+00 1.464475342176032313e-01 3.943790891348482597e-01 7.464313953194363638e-01
1.010825608470514170e-01 2.077017991609328984e-01 1.464475342176032313e-01 1.000000000000000000e+00 6.804716670015185098e-01 3.285957621934789130e-01
3.109239973263641099e-01 5.034892406882705007e-01 3.943790891348482597e-01 6.804716670015185098e-01 1.000000000000000444e+00 7.515741797313248984e-01
3.969147354083317203e-01 7.291199841325806119e-01 7.464313953194363638e-01 3.285957621934789130e-01 7.515741797313248984e-01 1.000000000000000000e+00
